# ************************************
# University of Crete
# Computer Science Department
# 
# CS240 - Data Structures
# Project - Phase I test file
# 
# Events:    Number:
#   R         10
#   I         100
#   C         1
#   D         1
#   A         2
#   S         2
#   T         1
#   P         1
#   X         3
#   Y         2
# 
# Created on: 4/3/2020, 11:48:42
# ************************************

R 453
R 243
R 596
R 412
R 588
R 505
R 595
R 493
R 174
R 621
I 588 653 1 1854
I 493 583 0 1836
I 174 487 3 1712
I 412 521 9 2153
I 493 270 0 1336
I 505 734 0 1049
I 595 555 4 2216
I 596 669 6 1423
I 243 263 6 1745
I 493 870 1 1942
I 453 468 8 1143
I 412 692 3 1643
I 243 221 1 1759
I 174 237 3 1843
I 453 415 5 1312
I 243 344 4 1027
I 243 455 0 1753
I 595 691 9 2220
I 621 255 0 1817
I 596 573 2 1816
I 621 695 4 1654
I 505 681 1 2343
I 505 217 0 1741
I 621 287 2 2213
I 505 920 2 1836
I 412 846 0 1931
I 243 674 0 1915
I 621 279 7 1119
I 588 689 3 1618
I 621 452 3 1325
I 588 778 2 1926
I 493 186 1 2148
I 505 707 8 1450
I 595 428 5 1040
I 174 546 3 1120
I 493 865 3 2243
I 453 516 6 1617
I 412 120 8 1325
I 595 383 0 1146
I 243 790 0 2050
I 595 677 2 1046
I 596 892 0 2328
I 596 374 3 1137
I 493 753 8 2052
I 505 924 6 1944
I 588 429 3 1931
I 453 291 1 1910
I 174 917 8 2252
I 596 259 1 1922
I 493 436 9 1714
I 174 228 0 1650
I 595 866 1 1038
I 595 170 7 2146
I 493 673 6 1938
I 588 958 7 1941
I 621 414 9 2355
I 453 827 0 1122
I 174 820 0 1050
I 595 301 0 1355
I 595 775 8 1529
I 595 615 1 1943
I 588 619 4 1740
I 596 267 2 1241
I 493 837 8 2114
I 493 515 8 1852
I 596 188 2 2338
I 595 671 1 2127
I 174 317 9 1448
I 505 646 9 2150
I 505 568 6 1526
I 493 252 7 1749
I 595 786 8 2246
I 588 576 3 1827
I 493 499 5 1947
I 243 890 5 2024
I 174 538 4 1811
I 596 351 7 1119
I 505 632 7 2220
I 453 656 6 1823
I 588 986 4 2024
I 588 932 1 2345
I 596 258 7 2325
I 621 569 8 1830
I 243 697 0 2024
I 412 238 2 2055
I 505 284 9 2016
I 588 966 3 1158
I 595 137 4 1742
I 621 654 3 2328
I 588 527 2 1320
I 412 847 4 1538
I 505 807 5 2256
I 505 531 9 2359
I 595 900 6 2351
I 621 601 0 1632
I 453 943 9 1320
I 595 216 8 1259
I 588 397 5 1123
I 412 144 8 1637
I 596 557 4 1349
X
C 493 252 7
D 412 
X
A 588 493
A 621 453
Y
S 493 595 3
S 596 453 6
P 243
T 7 1941
X
Y
