# ************************************
# University of Crete
# Computer Science Department
# 
# CS240 - Data Structures
# Project - Phase I test file
# 
# Events:    Number:
#   R         20
#   I         100
#   C         2
#   D         2
#   A         2
#   S         2
#   T         1
#   P         1
#   X         3
#   Y         2
# 
# Created on: 4/3/2020, 11:49:23
# ************************************

R 622
R 181
R 508
R 969
R 848
R 547
R 410
R 573
R 639
R 138
R 883
R 768
R 674
R 758
R 582
R 642
R 524
R 409
R 141
R 231
I 524 901 1 2057
I 138 591 9 1745
I 639 236 8 2215
I 674 449 4 1259
I 883 132 7 1248
I 547 772 2 1849
I 573 482 6 1717
I 674 992 6 1838
I 639 119 7 1255
I 524 866 3 1410
I 547 821 0 1057
I 524 357 6 1054
I 138 500 3 1257
I 138 822 9 1229
I 883 603 4 1348
I 410 148 6 1827
I 674 922 1 1956
I 181 565 2 2138
I 508 348 0 1632
I 231 914 2 2212
I 674 487 6 1042
I 573 433 7 1059
I 181 690 9 1227
I 524 372 8 1014
I 639 262 3 1641
I 524 502 5 1028
I 768 731 8 1247
I 138 631 1 1240
I 508 295 2 1031
I 674 880 7 1656
I 524 938 1 1230
I 582 104 8 1313
I 848 855 7 1012
I 883 528 6 1841
I 848 778 8 1648
I 547 201 6 1039
I 768 842 5 1910
I 141 476 0 2043
I 181 999 5 2211
I 768 443 4 1211
I 508 479 7 2355
I 768 338 0 1223
I 674 796 0 1233
I 508 177 8 1153
I 768 296 8 1013
I 409 657 4 1550
I 508 830 7 1210
I 622 824 7 1158
I 848 316 0 1128
I 141 709 5 2047
I 758 698 3 1112
I 969 649 5 1553
I 181 583 6 2145
I 758 889 5 1610
I 138 749 2 1752
I 674 498 5 1221
I 547 885 8 1810
I 141 819 6 1719
I 138 613 7 1230
I 639 867 2 2326
I 547 497 0 1758
I 409 250 4 1528
I 674 722 2 1726
I 848 510 1 2257
I 410 404 5 1034
I 141 535 3 1332
I 758 567 8 2013
I 409 667 2 1312
I 674 913 7 2131
I 181 191 8 1257
I 524 553 2 1537
I 138 846 0 1538
I 848 957 3 2350
I 524 153 9 1922
I 409 582 7 1255
I 547 965 2 1415
I 582 823 9 2018
I 883 896 3 1921
I 409 945 1 1356
I 231 172 9 2248
I 848 791 3 2356
I 848 364 8 1541
I 622 234 4 2356
I 768 501 8 2316
I 622 863 0 1315
I 622 291 1 1015
I 524 550 5 1956
I 969 746 0 1843
I 231 254 1 2117
I 547 857 9 1413
I 508 405 2 1427
I 573 345 5 1337
I 524 178 0 1449
I 231 547 5 1013
I 969 137 2 1452
I 573 588 6 1553
I 674 955 7 1924
I 768 701 7 1145
I 409 349 7 1138
I 674 560 1 1455
X
C 409 349 7
C 674 449 4
D 639 
D 969 
X
A 181 848
A 582 138
Y
S 508 409 2
S 848 141 2
P 524
T 6 1553
X
Y
