# ************************************
# University of Crete
# Computer Science Department
# 
# CS240 - Data Structures
# Project - Phase I test file
# 
# Events:    Number:
#   R         20
#   I         500
#   C         2
#   D         2
#   A         2
#   S         2
#   T         1
#   P         1
#   X         3
#   Y         2
# 
# Created on: 4/3/2020, 11:49:31
# ************************************

R 506
R 460
R 442
R 578
R 829
R 343
R 765
R 454
R 146
R 754
R 959
R 143
R 872
R 690
R 533
R 811
R 942
R 975
R 194
R 508
I 146 406 7 1250
I 765 324 5 2147
I 975 357 1 1350
I 508 593 5 1540
I 343 384 6 1258
I 442 939 9 1111
I 454 564 3 1146
I 578 514 9 2024
I 533 660 5 2255
I 454 869 4 2320
I 506 316 5 1929
I 959 845 3 1556
I 454 796 4 2054
I 578 928 3 1242
I 690 886 2 1348
I 578 671 6 1839
I 942 700 8 1528
I 829 884 1 1724
I 442 900 0 1841
I 508 769 5 1454
I 578 975 7 1620
I 146 973 9 1326
I 343 537 2 1611
I 754 645 9 1718
I 959 557 9 1151
I 942 344 7 1746
I 506 180 3 2121
I 872 361 1 1738
I 959 852 0 2025
I 460 312 9 2349
I 442 560 2 1039
I 442 848 8 2230
I 143 937 4 2349
I 533 635 0 2217
I 872 505 9 1919
I 343 774 4 1346
I 829 389 2 1727
I 942 670 1 1937
I 143 358 4 1022
I 343 807 8 1445
I 508 981 1 2343
I 442 994 8 1535
I 578 285 1 1454
I 690 922 1 1259
I 754 356 7 1822
I 506 987 7 2128
I 829 995 5 1526
I 754 174 2 1923
I 829 179 7 2328
I 959 520 6 1314
I 194 744 0 1638
I 942 529 5 1725
I 194 815 3 1619
I 872 952 2 2239
I 959 200 6 1315
I 460 773 5 2011
I 690 685 7 2015
I 765 584 5 2214
I 975 793 8 1222
I 460 858 2 1446
I 194 591 8 1723
I 975 271 9 1855
I 506 934 4 1849
I 959 554 5 1545
I 942 540 5 1050
I 343 825 6 1124
I 811 157 8 1839
I 442 533 7 1014
I 690 156 0 1243
I 942 727 1 1516
I 975 257 6 1619
I 343 879 8 1133
I 754 301 9 1322
I 460 961 3 1115
I 508 902 8 1222
I 194 154 4 1734
I 872 974 2 1813
I 506 898 9 2310
I 146 487 2 1544
I 754 482 6 2135
I 811 818 3 1758
I 690 549 0 1112
I 959 735 0 2025
I 460 813 2 1046
I 829 492 1 1650
I 754 809 3 1753
I 454 144 5 1549
I 975 535 5 1135
I 765 374 9 1646
I 533 421 6 2353
I 454 740 1 2252
I 508 434 6 1454
I 959 732 9 1115
I 460 680 4 1017
I 442 802 4 2147
I 454 238 4 1711
I 765 512 5 1337
I 872 978 5 1224
I 872 352 9 1025
I 460 262 0 1858
I 975 950 1 1432
I 533 882 0 1315
I 143 863 0 1211
I 872 465 0 2059
I 508 621 9 1155
I 454 332 5 1451
I 442 143 6 1224
I 942 776 1 2254
I 578 348 6 1639
I 959 217 0 1752
I 508 558 4 2240
I 765 369 8 2240
I 690 991 6 1517
I 194 275 8 1114
I 811 339 3 1648
I 508 993 8 2336
I 811 965 0 1254
I 872 578 1 1730
I 811 280 3 1639
I 959 462 7 1634
I 959 282 7 1518
I 829 251 1 1328
I 506 909 8 1230
I 343 992 6 1932
I 578 314 8 2343
I 872 657 2 1411
I 754 607 2 1851
I 442 781 8 2032
I 343 941 6 1155
I 454 498 7 1437
I 975 923 1 1222
I 578 665 8 1521
I 872 966 8 1531
I 690 539 1 1621
I 872 758 1 1451
I 460 722 2 2158
I 942 741 8 2353
I 442 254 5 2338
I 533 633 5 1857
I 508 326 4 1146
I 690 785 4 2114
I 343 912 7 1747
I 811 448 4 1928
I 765 808 5 2147
I 442 613 3 1817
I 442 454 4 1820
I 143 896 1 1432
I 975 182 8 1446
I 829 705 5 2035
I 829 901 0 1840
I 942 794 0 1428
I 829 874 2 1420
I 533 303 2 1738
I 533 835 3 2130
I 942 153 3 2244
I 194 746 4 2310
I 143 366 7 2216
I 578 775 1 1643
I 975 477 3 1427
I 454 263 5 1323
I 460 400 0 2144
I 454 212 0 1643
I 506 141 9 2158
I 460 980 7 1333
I 829 236 6 2030
I 508 853 7 1042
I 146 446 7 1752
I 146 617 8 1528
I 975 561 3 1849
I 942 963 9 1945
I 146 960 8 1146
I 343 172 5 1014
I 829 530 4 2310
I 765 496 5 1352
I 508 176 3 1443
I 578 220 6 1152
I 765 592 7 1343
I 959 550 7 1136
I 942 395 0 1426
I 506 666 7 1852
I 143 237 0 1322
I 975 612 8 1949
I 754 283 2 1325
I 508 868 0 2033
I 975 405 0 2126
I 194 460 4 2341
I 508 120 7 1323
I 533 663 7 2027
I 829 653 6 1330
I 506 307 8 1720
I 146 315 0 1849
I 143 654 8 1354
I 460 368 9 1558
I 975 225 5 1854
I 194 885 5 1817
I 194 672 3 2016
I 143 260 3 1850
I 578 272 4 2333
I 765 126 7 1331
I 533 233 5 1449
I 872 817 8 1031
I 460 423 1 2141
I 143 690 1 1341
I 754 608 3 1140
I 872 372 6 1534
I 811 697 2 1419
I 754 489 3 1728
I 959 112 9 2216
I 143 490 3 1716
I 454 222 4 2336
I 690 859 8 2216
I 508 437 5 1455
I 506 503 2 1558
I 872 739 1 1148
I 765 803 6 1143
I 811 197 0 1432
I 508 342 3 2217
I 442 927 6 1523
I 143 770 9 1936
I 690 403 2 2232
I 506 276 2 1925
I 194 466 4 2346
I 578 419 7 2046
I 508 417 4 2312
I 506 717 3 1338
I 942 364 7 1157
I 460 436 8 1139
I 690 317 9 1510
I 872 682 7 1546
I 690 515 7 1058
I 690 205 3 1719
I 194 302 4 2240
I 146 589 9 2145
I 454 300 8 1611
I 765 161 6 1132
I 975 821 9 1227
I 442 219 5 1759
I 578 101 5 1250
I 829 614 0 1110
I 460 522 0 2037
I 442 394 0 1036
I 690 274 6 1229
I 754 509 9 1739
I 872 629 4 2211
I 533 116 3 2111
I 194 284 1 1820
I 975 318 3 1732
I 811 140 9 2038
I 959 244 3 2313
I 454 725 0 2034
I 975 243 4 1445
I 194 167 7 2151
I 765 404 5 1754
I 765 106 0 1958
I 442 160 6 1351
I 578 415 4 2142
I 533 761 8 1311
I 194 636 3 1614
I 829 792 1 1431
I 460 475 5 2041
I 765 920 9 2147
I 872 615 4 1649
I 959 971 9 1821
I 508 579 8 1459
I 194 585 7 1051
I 578 209 2 1953
I 975 137 7 2253
I 829 596 9 1218
I 578 248 6 2333
I 690 933 0 1658
I 508 968 3 2051
I 343 370 3 2026
I 765 970 8 1318
I 460 455 3 2029
I 343 684 5 1546
I 959 598 3 2223
I 533 258 2 1830
I 578 599 8 1728
I 533 810 0 1317
I 533 252 4 1632
I 143 977 0 2352
I 343 699 0 1723
I 975 935 7 2253
I 942 188 6 2026
I 959 387 1 2244
I 194 806 6 2042
I 754 442 8 1012
I 754 856 1 1139
I 754 432 7 1354
I 506 955 0 1429
I 942 721 8 2110
I 765 181 7 1923
I 765 677 9 1325
I 942 169 9 1956
I 508 959 5 2155
I 442 480 2 1837
I 143 678 8 1544
I 460 408 0 1040
I 454 864 6 1537
I 146 391 6 1955
I 578 330 5 1143
I 829 354 4 1024
I 975 183 6 2314
I 829 430 9 2247
I 765 488 0 2314
I 194 250 3 1622
I 942 407 8 1625
I 508 695 6 2238
I 146 453 0 1730
I 811 919 8 2154
I 194 749 0 1420
I 343 385 9 2148
I 690 667 1 1713
I 146 556 7 1130
I 578 234 0 1057
I 975 347 5 2114
I 454 552 7 1612
I 508 829 5 2019
I 343 698 9 2342
I 829 827 9 2140
I 506 247 1 2042
I 143 736 8 1233
I 506 891 4 1541
I 146 692 2 1539
I 194 659 4 2131
I 829 376 1 2012
I 578 431 7 1036
I 829 177 4 1933
I 506 168 1 1433
I 143 412 5 1916
I 872 892 5 1556
I 754 548 3 1851
I 578 481 6 1236
I 975 747 8 1630
I 506 202 2 1735
I 829 601 1 1310
I 460 651 8 1948
I 146 619 4 1412
I 690 483 3 2142
I 146 268 3 2256
I 690 333 4 1444
I 194 445 2 2113
I 460 288 6 1735
I 690 595 0 1027
I 959 715 8 1221
I 460 211 0 2225
I 829 341 1 2332
I 690 878 0 1948
I 146 948 0 1853
I 975 985 7 2036
I 143 148 1 1842
I 460 190 2 1354
I 460 184 8 2153
I 454 918 8 1835
I 959 675 6 2053
I 942 812 4 1811
I 829 841 4 1129
I 942 703 2 1325
I 343 304 9 1052
I 508 930 5 1034
I 829 958 8 1340
I 578 100 1 2015
I 578 231 4 1853
I 506 839 8 2113
I 146 516 8 2243
I 872 439 8 1431
I 442 566 4 1322
I 959 292 9 1740
I 829 889 7 1149
I 146 763 1 1413
I 872 478 5 1044
I 942 610 9 2115
I 959 800 8 1320
I 578 893 6 1426
I 194 574 2 1940
I 508 206 3 1231
I 146 363 3 1859
I 959 777 5 1549
I 454 924 6 2028
I 454 309 3 2138
I 442 281 3 1336
I 460 207 0 1953
I 343 674 0 1553
I 942 616 0 1251
I 460 343 7 1212
I 143 850 3 1038
I 460 795 7 1942
I 872 576 0 2336
I 690 381 8 2246
I 959 972 9 2017
I 143 914 0 1256
I 959 702 8 1632
I 508 837 3 2255
I 975 513 8 2240
I 343 990 6 1126
I 578 420 3 1050
I 811 999 6 1154
I 508 185 1 2351
I 343 295 8 2226
I 959 875 6 1949
I 829 904 9 2237
I 442 409 2 2335
I 578 664 1 2035
I 143 944 3 1750
I 959 132 1 2011
I 143 768 4 1933
I 508 350 4 1551
I 829 386 9 1611
I 143 383 5 1847
I 754 790 3 2228
I 442 158 2 1923
I 959 696 9 1348
I 942 510 3 1816
I 942 145 9 1258
I 754 643 8 2219
I 508 723 2 2255
I 578 216 2 1343
I 343 573 9 1653
I 829 752 7 1259
I 975 880 5 2241
I 146 719 9 1937
I 975 872 6 1114
I 454 398 6 1448
I 754 605 4 1346
I 533 916 3 1938
I 959 929 9 1122
I 533 642 8 1251
I 959 733 9 1146
I 506 438 6 1652
I 765 565 3 2014
I 194 340 0 2229
I 343 611 9 1048
I 942 634 4 2046
I 578 151 2 1750
I 454 494 0 1524
I 506 396 8 1119
I 690 814 5 2019
I 959 416 9 2133
I 506 840 8 2157
I 508 472 6 1719
I 194 191 7 1956
I 533 730 8 2011
I 194 791 8 1530
I 959 378 6 1411
I 872 155 7 1551
I 533 583 4 1236
I 506 577 2 2254
I 872 907 3 1224
I 872 297 1 1442
I 533 322 7 1351
I 343 192 1 1825
I 454 628 0 1020
I 690 427 8 1233
I 506 335 9 2134
I 690 688 7 1937
I 343 459 8 2110
I 343 545 3 1143
I 975 911 5 1942
I 578 606 7 2311
I 811 801 4 1734
I 506 847 8 2241
I 194 223 1 1323
I 811 215 1 1451
I 942 544 3 1734
I 765 521 5 2110
I 460 876 8 2346
I 460 240 1 1645
I 690 905 4 1239
I 829 538 0 2125
I 460 870 1 2250
I 811 917 3 1021
I 506 224 3 1240
I 942 313 3 1016
I 829 913 4 2243
I 942 779 8 1257
I 872 745 1 1139
I 508 293 0 2130
I 506 681 4 1312
I 533 311 2 2012
I 343 422 0 1941
I 194 129 9 1330
I 343 507 3 1628
I 460 457 9 1646
I 765 764 0 1531
I 508 553 8 2347
I 343 894 7 1227
I 754 580 0 1754
I 508 463 9 2040
I 506 877 0 1520
I 942 504 7 1820
I 143 833 4 1257
I 508 644 1 1157
I 533 694 3 1010
I 343 122 6 1516
I 942 461 9 2257
I 442 547 3 2053
I 508 748 4 1449
I 765 139 3 1456
I 146 428 9 1330
I 194 266 0 1130
X
C 690 886 2
C 194 672 3
D 754 
D 146 
X
A 690 454
A 811 442
Y
S 942 343 9
S 442 454 7
P 508
T 7 1437
X
Y
