# ************************************
# University of Crete
# Computer Science Department
# 
# CS240 - Data Structures
# Project - Phase I test file
# 
# Events:    Number:
#   R         20
#   I         200
#   C         2
#   D         2
#   A         2
#   S         2
#   T         1
#   P         1
#   X         3
#   Y         2
# 
# Created on: 4/3/2020, 11:49:29
# ************************************

R 756
R 160
R 340
R 895
R 940
R 387
R 108
R 364
R 486
R 142
R 931
R 290
R 588
R 134
R 983
R 420
R 600
R 932
R 730
R 650
I 983 739 8 1651
I 600 817 1 1814
I 588 411 1 2221
I 160 290 2 1542
I 387 377 8 2127
I 600 266 9 2054
I 931 552 5 1456
I 486 278 7 1750
I 600 242 1 2312
I 364 166 2 1832
I 730 926 7 2047
I 340 630 9 1027
I 600 577 8 1553
I 420 848 0 1728
I 932 417 5 1026
I 290 501 4 2113
I 932 763 9 1834
I 983 775 0 1948
I 486 545 2 1355
I 895 164 7 1339
I 340 230 9 1819
I 387 282 6 1911
I 983 609 7 2020
I 387 516 9 1416
I 983 803 6 1013
I 931 271 1 1432
I 983 453 5 1911
I 420 971 2 1643
I 387 243 2 1053
I 142 196 4 1116
I 931 692 3 1857
I 420 430 3 1412
I 364 221 0 1838
I 134 866 7 2254
I 588 414 1 2346
I 932 485 8 1437
I 650 818 2 1331
I 340 133 8 1629
I 932 861 5 2231
I 160 595 2 2133
I 895 483 8 1528
I 290 307 8 1536
I 108 424 3 1742
I 420 724 6 1718
I 160 472 0 1824
I 142 701 8 2034
I 387 697 5 1112
I 160 494 4 1559
I 160 223 6 2045
I 364 407 0 1314
I 931 573 0 1641
I 387 760 3 2151
I 364 880 2 2022
I 940 859 3 2339
I 160 808 3 1243
I 420 632 0 2151
I 160 403 3 1149
I 650 454 5 1420
I 108 688 0 1831
I 108 871 2 1949
I 932 807 5 1359
I 940 104 5 1350
I 364 418 1 2032
I 730 755 8 1610
I 160 810 6 1129
I 340 510 2 1518
I 756 331 9 1835
I 730 875 5 1715
I 108 908 4 1642
I 364 845 6 1058
I 756 255 4 1338
I 290 390 8 1756
I 108 509 7 2157
I 730 238 8 1540
I 142 385 0 2214
I 932 328 9 1625
I 932 558 4 1449
I 160 894 1 2230
I 160 284 8 2112
I 600 793 1 1918
I 600 258 4 2112
I 290 710 2 1618
I 588 431 6 1143
I 142 239 5 1811
I 650 664 2 2133
I 387 683 2 1626
I 486 357 5 2215
I 931 514 7 2157
I 730 506 3 1837
I 650 173 7 1742
I 983 548 2 2326
I 420 329 9 1046
I 108 482 0 2125
I 340 413 7 2219
I 983 876 6 1034
I 895 121 5 2238
I 940 672 0 1740
I 364 340 8 1523
I 290 691 7 1833
I 650 571 5 1838
I 650 844 5 1746
I 340 799 3 1224
I 650 634 5 2157
I 600 493 6 1712
I 160 599 7 2227
I 486 887 8 2335
I 486 938 3 1034
I 160 260 2 1529
I 931 458 9 1121
I 730 929 6 1732
I 983 650 0 1734
I 364 940 3 1353
I 932 717 8 1345
I 387 351 8 1745
I 387 195 1 1320
I 108 276 1 1046
I 290 767 3 1822
I 600 957 1 1219
I 160 171 8 2224
I 290 236 5 1645
I 387 796 8 1511
I 756 749 2 1146
I 650 744 4 1425
I 983 241 2 2228
I 142 966 4 1451
I 983 941 9 1431
I 940 565 6 1642
I 486 498 3 2248
I 134 678 9 2337
I 387 445 5 2046
I 160 990 3 1434
I 108 572 0 1059
I 940 738 0 1142
I 290 459 0 1115
I 983 467 5 1545
I 108 535 7 1948
I 895 119 2 1212
I 940 484 4 1335
I 290 114 9 1230
I 588 536 9 1419
I 134 569 2 2346
I 940 332 5 2059
I 142 636 9 1133
I 650 397 8 1640
I 364 105 6 1417
I 756 933 6 2322
I 600 645 7 1038
I 142 337 8 1110
I 600 601 5 2042
I 160 754 9 2318
I 290 410 1 1242
I 108 304 5 2318
I 600 795 7 1849
I 108 189 0 1218
I 134 197 3 1313
I 931 152 8 1343
I 730 768 7 1929
I 931 148 1 2330
I 290 355 7 1537
I 486 118 1 1245
I 730 198 4 2049
I 600 305 8 2319
I 940 770 7 1737
I 134 303 0 1640
I 588 852 6 2110
I 932 677 6 2040
I 932 983 3 1937
I 108 610 7 1559
I 364 136 8 1051
I 600 425 5 2317
I 756 865 7 2039
I 486 670 5 2025
I 340 674 1 1936
I 983 117 0 1631
I 160 864 4 2253
I 108 780 2 2245
I 364 944 5 1244
I 340 625 3 2026
I 588 854 9 2135
I 142 575 5 1859
I 650 704 8 1639
I 160 395 5 1835
I 387 779 0 1833
I 486 286 3 1511
I 600 903 5 1533
I 931 394 1 1548
I 983 203 5 1112
I 932 998 5 2338
I 650 479 7 1451
I 600 200 7 1433
I 895 911 8 1425
I 290 168 4 1118
I 142 321 2 2259
I 756 786 9 1747
I 290 570 1 1450
I 134 785 3 1152
I 142 623 0 2032
I 160 838 2 1028
I 650 655 8 1157
I 134 227 0 1852
X
C 108 276 1
C 588 411 1
D 420 
D 650 
X
A 940 134
A 108 600
Y
S 931 730 1
S 932 364 8
P 756
T 1 1242
X
Y
